11150
9800
4875
4350
2800
5545
21250
11390
19350
2200
4800
3400
15430
6000
8200
11400
12000
10650
2600
17240
15600
27600
6300
17160
22100
15490
10775
11325
17850
10580
17490
12160
32650
7750
10000
16400
20100
8050
8000
20810
15650
6500
2400
18740
17850
10240
17400
40900
11350 633650
8800
15900
8360
8900
22400
29690
15500
18450
21910
19360
26500
14400
15700
12300
20200
11200
14400
12540
24000
13000
7200
16860
23100
18810
15420 1048550
12000
12200
10914
10214
12664
26814
21214
18324
19844 1192738
\\
25000
35000
30000
65000 1347738
24400
10635
54960
18880
79640
1061510 2597763

//
